# Array Length,1024,2048,4096,8192,16384,32768,65536,131072
# Host,4,9,19,38,77,154,310,620
# Device,209,356,646,1234,2398,4737,9448,19543

Block Size,Host,Device
32,810.1,4591.0
64,830.9,4683.8
96,810.5,4616.1
128,807.4,4442.0
160,824.3,4557.7
192,799.4,4559.0
224,800.9,4527.7
256,805.6,4589.3
288,799.8,4496.2
320,810.3,4489.8
352,790.7,4573.3
384,818.8,4465.0
416,819.5,4494.7
448,816.5,4520.8
480,826.7,4494.1
512,833.4,4548.0
544,831.5,4537.2
576,830.6,4600.1
608,822.7,4457.7
640,832.3,4589.7
672,807.7,4448.8
704,831.4,4547.3
736,824.5,4456.8
768,827.3,4425.6
800,832.1,4580.8
832,820.6,4469.4
864,818.4,4685.5
896,841.3,4566.4
928,819.6,4514.0
960,817.0,4553.1
992,825.7,4572.3
1024,812.2,4480.6
