# Array Length,1024,2048,4096,8192,16384,32768,65536,131072
# Host,4,9,19,38,77,154,310,620
# Device,209,356,646,1234,2398,4737,9448,19543

Radius,w/o Shared Memory, w/ Shared Memory
1,4184.64,3188.41
2,3744.63,2905.03
3,3195.59,2500.29
4,2825.47,2242.52
5,2443.57,2026.59
6,2182.02,1843.95
7,1932.45,1542.12
8,1758.28,1459.03
9,1590.64,1371.20
10,1470.29,1288.18
11,1350.25,873.55
12,1261.22,836.38
13,1171.23,802.03
14,1103.66,770.98
15,1033.71,741.89
16,980.32,716.84
17,924.70,691.67
18,881.53,668.37
19,836.29,646.48
20,800.56,626.11
21,762.94,762.32
22,732.89,735.20
23,701.27,709.93
24,675.74,686.15
25,648.52,663.93
26,626.63,643.28
27,603.05,623.69
28,583.93,498.97
29,563.40,486.57
30,546.52,474.86
31,528.51,463.61
32,514.95,465.71
