Radius,w/o Shared Memory, w/ Shared Memory
1,295009,168099
2,491478,172275
3,687524,176311
4,884562,180381
5,1081245,184420
6,1278554,188520
7,1474375,192563
8,1671352,196730
9,1866720,196621
10,2064258,196590
11,2261632,196559
12,2458359,196559
13,2655504,196559
14,2852518,196559
15,3049491,196559
16,3245470,196559
17,3443548,196559
18,3638876,196559
19,3835474,196559
20,4032518,196559
21,4228604,196523
22,4425358,196540
23,4622169,196515
24,4818477,196587
25,5015374,196648
26,5211777,196538
27,5408414,196561
28,5605155,196559
29,5801480,196559
30,5999229,196559
31,6194563,196559
32,6324895,163853
