Radius,w/o Shared Memory,w/ Shared Memory
1,2293760,3985408
2,3211264,4562944
3,4161536,5533696
4,4980736,6340608
5,5931008,7147520
6,6750208,7954432
7,7700480,8761344
8,8519680,9568256
9,9469952,10321920
10,10289152,11075584
11,11239424,11829248
12,12058624,12582912
13,13008896,13336576
14,13828096,14090240
15,14778368,14843904
16,15597568,15597568
17,16547840,16351232
18,17367040,17104896
19,18317312,17858560
20,19136512,18612224
21,20086784,19365888
22,20905984,20119552
23,21856256,20873216
24,22675456,21626880
25,23625728,22380544
26,24444928,23134208
27,25395200,23887872
28,26214400,24641536
29,27164672,25395200
30,27983872,26148864
31,28934144,26902528
32,29753344,27164672
